1
0
0.1666666667
0
0.075
0
0.04464285714
0
0.03038194444
0
0.02237215909
0
0.01735276442
0
0.01396484375
0
1
0
0.1666666667
0
0.075
0
0.04464285714
0
0.03038194444
0
0.02237215909
0
0.01735276442
0
0.01396484375
0
1
0
0.1666666667
0
0.075
0
0.04464285714
0
0.03038194444
0
0.02237215909
0
0.01735276442
0
0.01396484375
0
1
0
0.1666666667
0
0.075
0
0.04464285714
0
0.03038194444
0
0.02237215909
0
0.01735276442
0
0.01396484375
0
1
0
0.1666666667
0
0.075
0
0.04464285714
0
0.03038194444
0
0.02237215909
0
0.01735276442
0
0.01396484375
0
1
0
0.1666666667
0
0.075
0
0.04464285714
0
0.03038194444
0
0.02237215909
0
0.01735276442
0
0.01396484375
0
1
0
0.1666666667
0
0.075
0
0.04464285714
0
0.03038194444
0
0.02237215909
0
0.01735276442
0
0.01396484375
0
1
0
0.1666666667
0
0.075
0
0.04464285714
0
1
0
0.1666666667
0
1
0
1
0
